opt_rev:2.7489819272639244
spa_rev:2.5004138150783737
rev_nnet:2.741
